2 0.37109375 0.59140625 0.10078125 0.396875
2 0.79921875 0.240625 0.03359375 0.0625
2 0.94140625 0.21484375 0.03828125 0.0578125
2 0.6046875 0.27890625 0.0265625 0.06015625
2 0.21484375 0.25859375 0.07421875 0.084375
2 0.0765625 0.24609375 0.053125 0.08203125
2 0.040625 0.2484375 0.03828125 0.08671875
2 0.61171875 0.11875 0.06484375 0.07421875
2 0.70703125 0.25625 0.040625 0.06015625
2 0.8703125 0.2328125 0.0359375 0.05078125
2 0.9265625 0.11875 0.040625 0.07421875
2 0.1625 0.30625 0.03359375 0.0453125
2 0.4984375 0.17265625 0.996875 0.3453125