2 0.55078125 0.12734375 0.05546875 0.1109375
2 0.8375 0.140625 0.084375 0.1734375
2 0.4984375 0.5828125 0.4234375 0.77890625
2 0.97109375 0.1078125 0.05546875 0.16796875
2 0.8453125 0.08046875 0.0453125 0.1203125
2 0.77734375 0.084375 0.05078125 0.11796875
2 0.490625 0.03984375 0.04296875 0.0796875
2 0.74375 0.0625 0.0453125 0.125
2 0.90859375 0.1265625 0.06484375 0.2015625
2 0.36796875 0.2390625 0.0578125 0.12265625
2 0.30625 0.22578125 0.03828125 0.15859375
2 0.5 0.5828125 0.41796875 0.78359375