2 0.7484375 0.81875 0.0171875 0.11328125
2 0.72109375 0.83203125 0.0265625 0.1203125
2 0.47578125 0.84609375 0.02421875 0.125
2 0.36328125 0.86640625 0.02890625 0.14921875
2 0.2953125 0.86328125 0.021875 0.11796875
2 0.2078125 0.86796875 0.02890625 0.12734375
2 0.4953125 0.80546875 0.009375 0.0359375
2 0.9546875 0.8140625 0.021875 0.0890625
2 0.02890625 0.88203125 0.03125 0.13203125
2 0.97578125 0.80625 0.021875 0.0984375
2 0.88125 0.8125 0.0359375 0.115625
2 0.07421875 0.8796875 0.02890625 0.13203125
2 0.0984375 0.8734375 0.0265625 0.1390625
2 0.50390625 0.84765625 0.98828125 0.25