2 0.56953125 0.478125 0.115625 0.3609375
2 0.68046875 0.50390625 0.10078125 0.39921875
2 0.65859375 0.47578125 0.0578125 0.31953125
2 0.47734375 0.35703125 0.0453125 0.09609375
2 0.37109375 0.375 0.04296875 0.12265625
2 0.64296875 0.384375 0.0453125 0.2046875
2 0.365625 0.2765625 0.06015625 0.24296875
2 0.3171875 0.3421875 0.040625 0.0890625
2 0.046875 0.43359375 0.09375 0.19921875
2 0.62734375 0.38125 0.03359375 0.1109375
2 0.1890625 0.36328125 0.04296875 0.16328125
2 0.415625 0.35234375 0.04296875 0.125
2 0.540625 0.359375 0.0359375 0.115625
2 0.4828125 0.4578125 0.31015625 0.3078125