2 0.303125 0.53828125 0.021875 0.12265625
2 0.4984375 0.55546875 0.03125 0.11328125
2 0.43125 0.54921875 0.021875 0.1109375
2 0.4625 0.525 0.01171875 0.05546875
2 0.5015625 0.49765625 0.0140625 0.06015625
2 0.65859375 0.5328125 0.053125 0.10078125
2 0.88828125 0.56640625 0.0265625 0.12265625
2 0.5640625 0.49296875 0.01953125 0.0453125
2 0.928125 0.57421875 0.021875 0.115625
2 0.2875 0.5375 0.01953125 0.10546875
2 0.30625 0.478125 0.0140625 0.0359375
2 0.4515625 0.46640625 0.01171875 0.053125
2 0.58203125 0.521875 0.0171875 0.0984375
2 0.3421875 0.49375 0.3609375 0.1203125