2 0.271875 0.5171875 0.2359375 0.509375
2 0.52734375 0.396875 0.12734375 0.4203125
2 0.94453125 0.24296875 0.01171875 0.0578125
2 0.00859375 0.35078125 0.0171875 0.0359375
2 0.796875 0.25625 0.009375 0.0484375
2 0.8234375 0.271875 0.021875 0.05546875
2 0.91328125 0.25 0.0265625 0.0984375
2 0.290625 0.54453125 0.38671875 0.38203125
2 0.8734375 0.25390625 0.021875 0.05078125
2 0.3140625 0.2765625 0.0140625 0.03828125
2 0.303125 0.27890625 0.0140625 0.03828125
2 0.821875 0.23828125 0.01171875 0.03828125
2 0.9546875 0.24296875 0.01171875 0.0625