2 0.26171875 0.75859375 0.040625 0.134375
2 0.3796875 0.7953125 0.0625 0.09140625
2 0.70546875 0.8546875 0.08671875 0.16328125
2 0.9671875 0.81953125 0.053125 0.25234375
2 0.4625 0.78515625 0.0265625 0.12265625
2 0.775 0.69140625 0.009375 0.053125
2 0.71875 0.69140625 0.0171875 0.05546875
2 0.6234375 0.69921875 0.0171875 0.05078125
2 0.24609375 0.703125 0.00703125 0.0484375
2 0.91328125 0.68125 0.009375 0.06015625
2 0.44453125 0.77734375 0.0578125 0.18046875
2 0.93046875 0.69921875 0.0265625 0.08203125
2 0.73828125 0.67578125 0.0171875 0.021875
2 0.47734375 0.72109375 0.9546875 0.16328125