2 0.85078125 0.5625 0.0484375 0.0984375
2 0.740625 0.7015625 0.07421875 0.06953125
2 0.43515625 0.2671875 0.0359375 0.053125
2 0.196875 0.3265625 0.0359375 0.053125
2 0.4375 0.2125 0.0265625 0.03828125
2 0.6296875 0.234375 0.03125 0.0578125
2 0.6546875 0.18125 0.021875 0.0484375
2 0.68515625 0.1984375 0.021875 0.05078125
2 0.79453125 0.19453125 0.0265625 0.0484375
2 0.41328125 0.209375 0.021875 0.03359375
2 0.37109375 0.2140625 0.021875 0.04296875
2 0.35703125 0.21640625 0.02421875 0.0453125
2 0.4578125 0.2203125 0.85546875 0.1828125