2 0.271875 0.5953125 0.4328125 0.8078125
2 0.06875 0.41796875 0.0671875 0.196875
2 0.91796875 0.34609375 0.06484375 0.0453125
2 0.64921875 0.3296875 0.09140625 0.0625
2 0.6984375 0.33203125 0.08203125 0.0625
2 0.571875 0.33671875 0.04296875 0.04296875
2 0.2765625 0.39296875 0.11328125 0.146875
2 0.36875 0.36796875 0.13671875 0.15859375
2 0.60234375 0.3296875 0.03359375 0.0578125
2 0.5 0.35078125 0.10078125 0.1203125
2 0.01953125 0.40234375 0.03828125 0.15390625
2 0.834375 0.3296875 0.10546875 0.071875
2 0.9671875 0.3421875 0.06015625 0.05546875
2 0.47578125 0.384375 0.9421875 0.125