2 0.1296875 0.7921875 0.259375 0.4109375
2 0.85234375 0.8796875 0.0453125 0.1203125
2 0.78828125 0.86875 0.053125 0.134375
2 0.5328125 0.87265625 0.053125 0.03828125
2 0.26171875 0.8328125 0.03828125 0.0359375
2 0.19921875 0.85234375 0.0265625 0.06953125
2 0.015625 0.8328125 0.03125 0.06484375
2 0.9515625 0.87890625 0.01171875 0.03828125
2 0.91484375 0.85 0.01171875 0.0265625
2 0.49375 0.87265625 0.0265625 0.0265625
2 0.4375 0.8609375 0.0265625 0.02890625
2 0.4546875 0.8640625 0.0140625 0.03359375
2 0.2984375 0.83671875 0.00703125 0.0265625
2 0.603125 0.859375 0.78125 0.08671875