2 0.62265625 0.56953125 0.0796875 0.146875
2 0.65390625 0.2921875 0.0265625 0.10546875
2 0.82421875 0.10703125 0.0265625 0.0625
2 0.80078125 0.10234375 0.03125 0.08203125
2 0.8421875 0.1265625 0.03359375 0.05078125
2 0.72265625 0.0828125 0.0359375 0.0984375
2 0.59375 0.103125 0.02890625 0.053125
2 0.39765625 0.95703125 0.04296875 0.07421875
2 0.5921875 0.1296875 0.0265625 0.040625
2 0.26796875 0.97578125 0.040625 0.04296875
2 0.2359375 0.97734375 0.03359375 0.040625
2 0.55546875 0.26171875 0.02890625 0.09140625
2 0.48671875 0.4984375 0.9734375 0.996875