2 0.2125 0.61640625 0.10546875 0.290625
2 0.078125 0.60234375 0.06015625 0.36328125
2 0.79453125 0.56640625 0.03359375 0.17578125
2 0.3015625 0.4859375 0.0453125 0.0671875
2 0.5765625 0.50625 0.05546875 0.12734375
2 0.7015625 0.58515625 0.04296875 0.240625
2 0.8296875 0.4890625 0.03828125 0.071875
2 0.625 0.584375 0.09375 0.290625
2 0.6671875 0.578125 0.0453125 0.27421875
2 0.02265625 0.58984375 0.0453125 0.375
2 0.23671875 0.49296875 0.0265625 0.0796875
2 0.484375 0.5765625 0.0171875 0.0359375
2 0.3890625 0.58046875 0.0484375 0.08671875