2 0.76171875 0.52265625 0.1109375 0.15390625
2 0.94609375 0.44921875 0.053125 0.10078125
2 0.634375 0.446875 0.084375 0.103125
2 0.79296875 0.41484375 0.04296875 0.0765625
2 0.66328125 0.38203125 0.01953125 0.02890625
2 0.05078125 0.4125 0.0453125 0.0671875
2 0.09140625 0.390625 0.03359375 0.053125
2 0.1390625 0.38203125 0.0359375 0.0484375
2 0.17421875 0.39453125 0.0359375 0.053125
2 0.1234375 0.415625 0.053125 0.06015625
2 0.7515625 0.39296875 0.03828125 0.03828125
2 0.9203125 0.4109375 0.0484375 0.0796875
2 0.7328125 0.4234375 0.05078125 0.0671875
2 0.5203125 0.4125 0.95703125 0.13671875