2 0.68515625 0.3890625 0.62734375 0.740625
2 0.0828125 0.7171875 0.16328125 0.46640625
2 0.03828125 0.43125 0.053125 0.1296875
2 0.303125 0.85078125 0.303125 0.29296875
2 0.13671875 0.72578125 0.125 0.3609375
2 0.23828125 0.5984375 0.07421875 0.19453125
2 0.321875 0.7671875 0.10078125 0.2984375
2 0.3296875 0.646875 0.0890625 0.290625
2 0.453125 0.8609375 0.1203125 0.27421875
2 0.5375 0.88671875 0.12265625 0.22109375
2 0.6421875 0.8890625 0.11796875 0.19921875
2 0.22109375 0.54921875 0.03359375 0.06484375
2 0.38671875 0.81640625 0.0484375 0.125
2 0.52890625 0.68125 0.89921875 0.60546875