2 0.30546875 0.02421875 0.04296875 0.0484375
2 0.75625 0.053125 0.04296875 0.09140625
2 0.6546875 0.0765625 0.021875 0.05546875
2 0.5109375 0.08671875 0.03125 0.0984375
2 0.35078125 0.0890625 0.0359375 0.178125
2 0.1875 0.0734375 0.03359375 0.146875
2 0.7828125 0.05546875 0.021875 0.05546875
2 0.02734375 0.03359375 0.021875 0.0671875
2 0.8109375 0.0328125 0.03359375 0.0578125
2 0.35703125 0.19609375 0.12734375 0.14921875
2 0.7015625 0.0734375 0.01171875 0.0359375
2 0.00703125 0.1078125 0.0140625 0.15859375
2 0.1421875 0.07578125 0.04296875 0.1515625
2 0.43046875 0.078125 0.70703125 0.15625