2 0.57578125 0.6390625 0.18046875 0.709375
2 0.13671875 0.42421875 0.053125 0.14921875
2 0.09609375 0.4171875 0.0359375 0.178125
2 0.30390625 0.36875 0.02421875 0.0484375
2 0.36640625 0.38125 0.021875 0.04296875
2 0.7703125 0.43359375 0.02890625 0.040625
2 0.8140625 0.36796875 0.0265625 0.0796875
2 0.33671875 0.37734375 0.0359375 0.05078125
2 0.6625 0.3859375 0.021875 0.11328125
2 0.72734375 0.428125 0.04296875 0.053125
2 0.896875 0.3609375 0.021875 0.040625
2 0.8484375 0.35546875 0.021875 0.053125
2 0.3609375 0.37109375 0.021875 0.0578125
2 0.55078125 0.4109375 0.78125 0.15859375