2 0.5421875 0.571875 0.24765625 0.65859375
2 0.33984375 0.49296875 0.1296875 0.3703125
2 0.4625 0.4859375 0.115625 0.37734375
2 0.71015625 0.6875 0.2046875 0.40625
2 0.89453125 0.6234375 0.209375 0.56953125
2 0.8734375 0.44140625 0.12734375 0.615625
2 0.178125 0.521875 0.08671875 0.2015625
2 0.3734375 0.209375 0.10078125 0.1078125
2 0.95703125 0.2234375 0.084375 0.115625
2 0.0328125 0.115625 0.0625 0.08203125
2 0.46484375 0.2140625 0.08671875 0.0984375
2 0.66328125 0.22265625 0.071875 0.1078125
2 0.05625 0.5375 0.1125 0.25625