2 0.61328125 0.64453125 0.040625 0.115625
2 0.58203125 0.64453125 0.021875 0.0671875
2 0.65390625 0.6109375 0.0046875 0.02890625
2 0.72578125 0.61640625 0.009375 0.0265625
2 0.89921875 0.6421875 0.0171875 0.10546875
2 0.91953125 0.6421875 0.0265625 0.09609375
2 0.5640625 0.64453125 0.01953125 0.0625
2 0.5484375 0.6453125 0.0171875 0.06015625
2 0.40234375 0.61796875 0.00703125 0.03828125
2 0.28828125 0.56640625 0.04296875 0.06015625
2 0.3234375 0.58046875 0.0359375 0.0265625
2 0.771875 0.62109375 0.01171875 0.03125
2 0.7125 0.6203125 0.0140625 0.03828125
2 0.58984375 0.603125 0.8125 0.14453125