2 0.61796875 0.51953125 0.0484375 0.06953125
2 0.41015625 0.26953125 0.03359375 0.05546875
2 0.33671875 0.28984375 0.0265625 0.0453125
2 0.0203125 0.5375 0.0171875 0.09140625
2 0.60078125 0.2125 0.04296875 0.0765625
2 0.72109375 0.25859375 0.07421875 0.0484375
2 0.740625 0.26171875 0.053125 0.06953125
2 0.24296875 0.31640625 0.021875 0.02890625
2 0.21640625 0.31484375 0.0171875 0.040625
2 0.37890625 0.2828125 0.03125 0.0484375
2 0.71640625 0.51171875 0.0484375 0.07421875
2 0.0328125 0.5296875 0.0140625 0.0671875
2 0.00703125 0.525 0.0140625 0.0484375
2 0.415625 0.2828125 0.52890625 0.1421875