2 0.1390625 0.72578125 0.13671875 0.5
2 0.5953125 0.828125 0.10546875 0.25
2 0.1234375 0.68984375 0.05078125 0.3390625
2 0.7484375 0.68515625 0.1078125 0.52890625
2 0.84375 0.6359375 0.1203125 0.36328125
2 0.08515625 0.6078125 0.04296875 0.20703125
2 0.1265625 0.5109375 0.0171875 0.0265625
2 0.046875 0.5484375 0.01953125 0.06953125
2 0.10078125 0.56015625 0.0140625 0.103125
2 0.0140625 0.53515625 0.01171875 0.0484375
2 0.04296875 0.77578125 0.0859375 0.4421875
2 0.915625 0.51796875 0.02421875 0.12265625
2 0.4984375 0.525 0.996875 0.134375