2 0.29453125 0.77265625 0.06484375 0.28828125
2 0.359375 0.77421875 0.071875 0.2359375
2 0.2828125 0.69375 0.0890625 0.39453125
2 0.225 0.6296875 0.04296875 0.2453125
2 0.09375 0.6359375 0.0984375 0.29296875
2 0.40625 0.7078125 0.10546875 0.3703125
2 0.50390625 0.7953125 0.0890625 0.21171875
2 0.73828125 0.71015625 0.10078125 0.3921875
2 0.790625 0.69453125 0.053125 0.3890625
2 0.8296875 0.7078125 0.08203125 0.353125
2 0.90234375 0.56640625 0.0359375 0.1109375
2 0.2546875 0.53359375 0.02890625 0.0796875