2 0.2859375 0.12265625 0.02421875 0.05078125
2 0.2703125 0.12109375 0.021875 0.06953125
2 0.2234375 0.1203125 0.0265625 0.05078125
2 0.2078125 0.11640625 0.01953125 0.0625
2 0.19140625 0.1234375 0.01953125 0.0484375
2 0.9328125 0.17890625 0.05078125 0.134375
2 0.55625 0.1234375 0.0171875 0.05078125
2 0.975 0.2078125 0.0484375 0.1828125
2 0.88203125 0.1390625 0.01171875 0.0265625
2 0.90625 0.1515625 0.0171875 0.03828125
2 0.85546875 0.1984375 0.05078125 0.09140625
2 0.3921875 0.328125 0.10078125 0.1828125
2 0.3578125 0.11875 0.02890625 0.05078125
2 0.48671875 0.1390625 0.9734375 0.196875