2 0.22265625 0.72578125 0.125 0.33671875
2 0.071875 0.61640625 0.09375 0.39921875
2 0.6140625 0.59609375 0.009375 0.021875
2 0.70703125 0.603125 0.01171875 0.02890625
2 0.7328125 0.6203125 0.0171875 0.04296875
2 0.48046875 0.59609375 0.021875 0.06953125
2 0.5640625 0.60546875 0.021875 0.06953125
2 0.22265625 0.57109375 0.02421875 0.053125
2 0.203125 0.578125 0.021875 0.06953125
2 0.53828125 0.634375 0.0484375 0.053125
2 0.60546875 0.603125 0.02421875 0.084375
2 0.6390625 0.61640625 0.01171875 0.04296875
2 0.834375 0.63828125 0.021875 0.06953125
2 0.51796875 0.6078125 0.83671875 0.1390625