2 0.209375 0.61171875 0.25 0.76953125
2 0.3015625 0.5140625 0.146875 0.459375
2 0.6421875 0.60078125 0.0890625 0.38671875
2 0.42578125 0.62109375 0.1390625 0.41796875
2 0.828125 0.66015625 0.240625 0.65625
2 0.73046875 0.63828125 0.1421875 0.5359375
2 0.55859375 0.553125 0.0796875 0.2984375
2 0.49609375 0.47265625 0.0578125 0.2140625
2 0.93359375 0.66484375 0.09375 0.54296875
2 0.5875 0.45703125 0.03359375 0.12265625
2 0.0609375 0.48828125 0.0453125 0.18515625
2 0.0640625 0.5640625 0.08671875 0.3609375
2 0.52890625 0.47578125 0.0484375 0.14921875
2 0.4953125 0.4703125 0.990625 0.4203125