2 0.22734375 0.521875 0.0140625 0.06015625
2 0.19609375 0.5359375 0.0171875 0.0578125
2 0.35 0.4984375 0.01953125 0.0625
2 0.446875 0.53515625 0.01171875 0.021875
2 0.6078125 0.5046875 0.00703125 0.0171875
2 0.5921875 0.5046875 0.0046875 0.0171875
2 0.37109375 0.5140625 0.01953125 0.0796875
2 0.46484375 0.54296875 0.009375 0.01953125
2 0.3140625 0.53125 0.01953125 0.02890625
2 0.25703125 0.521875 0.0171875 0.01953125
2 0.78515625 0.71875 0.08671875 0.5578125
2 0.21171875 0.5046875 0.009375 0.021875
2 0.2828125 0.52421875 0.0359375 0.040625
2 0.4046875 0.52421875 0.56484375 0.06015625