2 0.5328125 0.78359375 0.3171875 0.43046875
2 0.334375 0.65234375 0.34375 0.3125
2 0.43359375 0.63671875 0.16328125 0.25234375
2 0.64453125 0.640625 0.0890625 0.21875
2 0.7515625 0.646875 0.12734375 0.2359375
2 0.0734375 0.75390625 0.14453125 0.46875
2 0.65 0.54296875 0.040625 0.08203125
2 0.47109375 0.55859375 0.053125 0.10078125
2 0.9375 0.75390625 0.12265625 0.48828125
2 0.80859375 0.76796875 0.228125 0.428125
2 0.796875 0.53515625 0.05078125 0.07421875
2 0.38203125 0.56875 0.0453125 0.0984375
2 0.52421875 0.615625 0.07421875 0.2234375