2 0.4515625 0.6828125 0.34140625 0.365625
2 0.74296875 0.55390625 0.21171875 0.28125
2 0.21171875 0.53125 0.1921875 0.24765625
2 0.73828125 0.4984375 0.0796875 0.21640625
2 0.91328125 0.4328125 0.0890625 0.1515625
2 0.06875 0.0828125 0.0359375 0.0890625
2 0.053125 0.08671875 0.02890625 0.0984375
2 0.6828125 0.01796875 0.01953125 0.03125
2 0.321875 0.03125 0.01953125 0.0625
2 0.7328125 0.021875 0.01953125 0.04296875
2 0.7640625 0.0140625 0.021875 0.028125
2 0.70703125 0.02265625 0.021875 0.0453125