2 0.31484375 0.84375 0.0171875 0.0265625
2 0.74375 0.85 0.0265625 0.053125
2 0.48828125 0.73046875 0.01171875 0.03828125
2 0.35546875 0.70078125 0.009375 0.03359375
2 0.12265625 0.84609375 0.021875 0.0671875
2 0.51796875 0.87109375 0.0265625 0.053125
2 0.9171875 0.8296875 0.01953125 0.03828125
2 0.50390625 0.734375 0.009375 0.03828125
2 0.5015625 0.85703125 0.02890625 0.0484375
2 0.46640625 0.87109375 0.03828125 0.0578125
2 0.16328125 0.853125 0.0171875 0.05078125
2 0.046875 0.8390625 0.021875 0.021875
2 0.49765625 0.7296875 0.00703125 0.0453125
2 0.31015625 0.7609375 0.16328125 0.15625