2 0.54921875 0.52421875 0.32421875 0.72109375
2 0.3015625 0.58203125 0.0484375 0.1296875
2 0.15234375 0.61328125 0.0265625 0.0796875
2 0.821875 0.3921875 0.0265625 0.08671875
2 0.88671875 0.365625 0.0265625 0.0890625
2 0.92578125 0.3609375 0.0265625 0.10078125
2 0.7859375 0.3921875 0.01171875 0.0359375
2 0.80625 0.4078125 0.0171875 0.02421875
2 0.709375 0.4203125 0.021875 0.06953125
2 0.83671875 0.38125 0.00703125 0.0359375
2 0.72578125 0.43046875 0.0140625 0.04296875
2 0.16484375 0.5671875 0.0046875 0.02421875
2 0.853125 0.37890625 0.00703125 0.0359375
2 0.665625 0.41796875 0.66328125 0.259375