2 0.1078125 0.68125 0.125 0.6296875
2 0.03984375 0.62734375 0.0796875 0.73828125
2 0.4953125 0.5875 0.13671875 0.8171875
2 0.2765625 0.6546875 0.1109375 0.68046875
2 0.7484375 0.62890625 0.13671875 0.7359375
2 0.66796875 0.6515625 0.10078125 0.6875
2 0.86875 0.64453125 0.07421875 0.7046875
2 0.56015625 0.2359375 0.05546875 0.11796875
2 0.1859375 0.6046875 0.0984375 0.7671875
2 0.4109375 0.63203125 0.1203125 0.709375
2 0.959375 0.63671875 0.0796875 0.71875
2 0.82109375 0.64765625 0.09609375 0.696875
2 0.140625 0.375 0.0484375 0.25
2 0.52421875 0.55859375 0.94921875 0.875