2 0.74609375 0.6859375 0.21875 0.2453125
2 0.37890625 0.52890625 0.11796875 0.521875
2 0.1546875 0.62734375 0.13203125 0.71640625
2 0.053125 0.4578125 0.10546875 0.4828125
2 0.9125 0.49765625 0.1109375 0.4640625
2 0.5640625 0.4328125 0.11328125 0.1734375
2 0.68046875 0.49765625 0.13203125 0.18046875
2 0.55625 0.3171875 0.05546875 0.103125
2 0.240625 0.45703125 0.09140625 0.39921875
2 0.4546875 0.56640625 0.12734375 0.5265625
2 0.28125 0.36875 0.084375 0.23046875
2 0.9734375 0.5265625 0.0484375 0.45703125