2 0.2765625 0.5171875 0.553125 0.22109375
2 0.18984375 0.65390625 0.1390625 0.38671875
2 0.5578125 0.4859375 0.06015625 0.1421875
2 0.6109375 0.47578125 0.03359375 0.07421875
2 0.63203125 0.50703125 0.040625 0.0671875
2 0.63125 0.4640625 0.03359375 0.05078125
2 0.65 0.44921875 0.0171875 0.040625
2 0.65859375 0.4671875 0.02421875 0.04296875
2 0.6765625 0.5140625 0.040625 0.0453125
2 0.71015625 0.46015625 0.04296875 0.0796875
2 0.7046875 0.5109375 0.01953125 0.0484375
2 0.75859375 0.609375 0.1078125 0.259375
2 0.7484375 0.46484375 0.05078125 0.0890625
2 0.821875 0.6984375 0.146875 0.2453125
2 0.7875 0.475 0.04296875 0.09375
2 0.8171875 0.51953125 0.040625 0.0671875
2 0.8265625 0.46171875 0.04296875 0.0765625
2 0.86328125 0.5171875 0.04296875 0.07421875
2 0.88828125 0.48046875 0.0484375 0.09375
2 0.94609375 0.9328125 0.10546875 0.13203125
2 0.91015625 0.5359375 0.02890625 0.0453125
2 0.93984375 0.46015625 0.0484375 0.0890625
2 0.9359375 0.525 0.03828125 0.06015625
2 0.978125 0.53515625 0.040625 0.08203125