2 0.0203125 0.1578125 0.040625 0.12734375
2 0.021875 0.078125 0.04296875 0.06953125
2 0.115625 0.6875 0.23046875 0.6203125
2 0.05859375 0.23046875 0.09375 0.17578125
2 0.12265625 0.384375 0.14453125 0.30546875
2 0.08046875 0.09609375 0.03828125 0.0765625
2 0.08515625 0.17578125 0.0359375 0.09609375
2 0.1109375 0.1296875 0.040625 0.084375
2 0.13671875 0.2765625 0.09140625 0.146875
2 0.27421875 0.6515625 0.25 0.64921875
2 0.1765625 0.17890625 0.05546875 0.1203125
2 0.18984375 0.125 0.0359375 0.08203125
2 0.20078125 0.10703125 0.03359375 0.10078125
2 0.2234375 0.2015625 0.071875 0.07421875
2 0.24765625 0.35703125 0.11796875 0.22578125
2 0.2359375 0.11171875 0.0453125 0.10078125
2 0.275 0.1578125 0.06015625 0.09609375
2 0.26171875 0.09375 0.01953125 0.03125
2 0.28515625 0.23046875 0.040625 0.0984375
2 0.30078125 0.29921875 0.06953125 0.16328125
2 0.296875 0.1140625 0.0359375 0.053125
2 0.32578125 0.359375 0.08203125 0.15625
2 0.3125 0.14296875 0.03359375 0.0578125
2 0.4171875 0.60234375 0.2328125 0.5578125
2 0.3375 0.07109375 0.02421875 0.05546875
2 0.3640625 0.1703125 0.05546875 0.09140625
2 0.3734375 0.2671875 0.05078125 0.11796875
2 0.36875 0.07421875 0.021875 0.053125
2 0.3921875 0.16015625 0.02421875 0.053125
2 0.4046875 0.2328125 0.04296875 0.09140625
2 0.41953125 0.328125 0.0625 0.14921875
2 0.4078125 0.078125 0.02421875 0.07421875
2 0.415625 0.18984375 0.0359375 0.07421875
2 0.43125 0.28984375 0.0359375 0.1109375
2 0.5140625 0.5890625 0.1921875 0.47578125
2 0.43515625 0.08515625 0.01953125 0.0890625
2 0.4515625 0.09140625 0.0265625 0.07421875
2 0.46171875 0.2234375 0.03828125 0.09375
2 0.478125 0.103125 0.02421875 0.0671875
2 0.49375 0.2921875 0.05546875 0.13671875
2 0.56953125 0.54453125 0.16796875 0.428125
2 0.50390625 0.22109375 0.03359375 0.084375
2 0.54296875 0.26796875 0.04296875 0.11328125
2 0.5796875 0.3375 0.03828125 0.1296875
2 0.665625 0.521875 0.20703125 0.37734375
2 0.62265625 0.30390625 0.05546875 0.1421875
2 0.6890625 0.50625 0.13671875 0.3171875
2 0.67421875 0.290625 0.03828125 0.08203125
2 0.67890625 0.2359375 0.02890625 0.053125
2 0.73046875 0.49765625 0.13203125 0.303125
2 0.728125 0.3859375 0.0796875 0.1921875
2 0.71484375 0.26171875 0.01953125 0.0484375
2 0.74296875 0.35703125 0.05078125 0.146875
2 0.828125 0.453125 0.1078125 0.2546875
2 0.8578125 0.4515625 0.10546875 0.21875
2 0.83515625 0.25703125 0.05546875 0.1078125
2 0.8859375 0.44375 0.1078125 0.196875
2 0.87734375 0.2765625 0.0453125 0.10078125
2 0.9671875 0.3265625 0.0453125 0.125