2 0.36328125 0.3421875 0.0984375 0.25703125
2 0.03125 0.94609375 0.0625 0.0984375
2 0.04453125 0.8375 0.0890625 0.2015625
2 0.1140625 0.81484375 0.0890625 0.125
2 0.1234375 0.92890625 0.09609375 0.125
2 0.13203125 0.39921875 0.08203125 0.35078125
2 0.25 0.89921875 0.103125 0.19921875
2 0.24375 0.8109375 0.0796875 0.1515625
2 0.334375 0.82109375 0.0984375 0.15625
2 0.3640625 0.9328125 0.1203125 0.12734375
2 0.4625 0.78125 0.071875 0.2546875
2 0.54921875 0.37890625 0.14453125 0.32421875
2 0.56875 0.8453125 0.08203125 0.19453125
2 0.578125 0.740625 0.07421875 0.16796875
2 0.65625 0.8171875 0.09609375 0.1921875
2 0.70078125 0.30625 0.084375 0.24296875
2 0.7640625 0.7984375 0.0984375 0.1515625
2 0.79453125 0.725 0.0625 0.16328125
2 0.8296875 0.8796875 0.09609375 0.14453125
2 0.86328125 0.328125 0.0890625 0.2640625
2 0.87265625 0.725 0.09140625 0.16328125
2 0.9359375 0.87734375 0.09140625 0.15625
2 0.9484375 0.3765625 0.0984375 0.26171875