2 0.07421875 0.68046875 0.103125 0.26953125
2 0.05625 0.84609375 0.040625 0.303125
2 0.1546875 0.72734375 0.0265625 0.21171875
2 0.1625 0.7640625 0.021875 0.22109375
2 0.1703125 0.6109375 0.02421875 0.08671875
2 0.26171875 0.51796875 0.1828125 0.15625
2 0.1875 0.7703125 0.02890625 0.25
2 0.20703125 0.80859375 0.021875 0.15625
2 0.24296875 0.73203125 0.02890625 0.22109375
2 0.271875 0.7796875 0.03125 0.2453125
2 0.2984375 0.66953125 0.02421875 0.2046875
2 0.31015625 0.8796875 0.0265625 0.23828125
2 0.3171875 0.66953125 0.01953125 0.1875
2 0.3484375 0.71875 0.03125 0.15625
2 0.35078125 0.86796875 0.02421875 0.26171875
2 0.3796875 0.67890625 0.0265625 0.16796875
2 0.41328125 0.67890625 0.021875 0.1203125
2 0.46484375 0.78359375 0.01953125 0.08203125
2 0.4671875 0.678125 0.01953125 0.13203125
2 0.4984375 0.7828125 0.03359375 0.0796875
2 0.4953125 0.96875 0.021875 0.0578125
2 0.50234375 0.61328125 0.0140625 0.13203125
2 0.51328125 0.6046875 0.0171875 0.1296875
2 0.5265625 0.74296875 0.02890625 0.13203125
2 0.5328125 0.62109375 0.02421875 0.13203125
2 0.5796875 0.68984375 0.071875 0.2359375
2 0.6140625 0.88125 0.03828125 0.2328125
2 0.64296875 0.94453125 0.03125 0.10546875
2 0.678125 0.9390625 0.04296875 0.11796875
2 0.68125 0.7546875 0.02890625 0.1875
2 0.69453125 0.56484375 0.01171875 0.0796875
2 0.71171875 0.678125 0.0171875 0.14921875
2 0.73828125 0.67890625 0.01953125 0.17578125
2 0.83203125 0.60078125 0.01171875 0.08203125
2 0.87265625 0.63203125 0.01171875 0.0671875
2 0.8921875 0.64453125 0.01171875 0.09609375
2 0.90859375 0.91796875 0.040625 0.15859375
2 0.90234375 0.6453125 0.01171875 0.10078125
2 0.93984375 0.8859375 0.0265625 0.22578125
2 0.96171875 0.9015625 0.0265625 0.19453125
2 0.98203125 0.8921875 0.021875 0.2140625