2 0.02890625 0.521875 0.0578125 0.240625
2 0.06875 0.58046875 0.0984375 0.25703125
2 0.08671875 0.5359375 0.0625 0.22578125
2 0.09609375 0.459375 0.05078125 0.17578125
2 0.15390625 0.53359375 0.071875 0.2765625
2 0.1359375 0.46640625 0.02421875 0.12734375
2 0.23046875 0.6359375 0.21640625 0.52890625
2 0.30078125 0.625 0.15859375 0.53125
2 0.3953125 0.546875 0.0578125 0.40390625
2 0.54921875 0.6296875 0.06953125 0.4328125
2 0.59765625 0.55859375 0.08203125 0.5359375
2 0.71875 0.56015625 0.0796875 0.5453125
2 0.7765625 0.63125 0.18046875 0.7359375
2 0.821875 0.5796875 0.06953125 0.46875
2 0.8734375 0.56015625 0.07421875 0.52890625
2 0.9734375 0.50625 0.0484375 0.55546875