2 0.23203125 0.7984375 0.396875 0.39921875
2 0.47109375 0.81953125 0.0359375 0.115625
2 0.48203125 0.6609375 0.0171875 0.0484375
2 0.49375 0.803125 0.02890625 0.125
2 0.50234375 0.74765625 0.01953125 0.0890625
2 0.50625 0.6546875 0.0171875 0.0484375
2 0.51796875 0.7515625 0.00703125 0.09140625
2 0.5375 0.81875 0.0265625 0.12265625
2 0.53515625 0.7140625 0.01171875 0.06953125
2 0.5734375 0.8015625 0.021875 0.103125
2 0.58671875 0.7125 0.021875 0.0671875
2 0.603125 0.7875 0.03125 0.1078125
2 0.64765625 0.72265625 0.021875 0.08203125
2 0.66953125 0.71015625 0.0140625 0.084375
2 0.68046875 0.7203125 0.0171875 0.07421875
2 0.75 0.8546875 0.03125 0.146875
2 0.828125 0.7296875 0.03359375 0.06015625
2 0.834375 0.8703125 0.04296875 0.17578125
2 0.9 0.74609375 0.02421875 0.06015625
2 0.9828125 0.7703125 0.03125 0.06015625
2 0.99375 0.8890625 0.00703125 0.0625