2 0.76953125 0.51171875 0.19453125 0.54296875
2 0.0328125 0.53984375 0.06484375 0.4640625
2 0.209375 0.50859375 0.2765625 0.553125
2 0.22734375 0.19140625 0.05546875 0.0796875
2 0.3546875 0.7609375 0.0359375 0.06953125
2 0.384375 0.5984375 0.08203125 0.125
2 0.37734375 0.38203125 0.0578125 0.21171875
2 0.38359375 0.7609375 0.0453125 0.06953125
2 0.40859375 0.45078125 0.06953125 0.084375
2 0.4078125 0.365625 0.04296875 0.11796875
2 0.41328125 0.7609375 0.040625 0.06953125
2 0.42421875 0.4125 0.04296875 0.14453125
2 0.51328125 0.609375 0.103125 0.13671875
2 0.50234375 0.25703125 0.071875 0.12734375
2 0.5171875 0.265625 0.10078125 0.11796875
2 0.4890625 0.4234375 0.0359375 0.11328125
2 0.5203125 0.44140625 0.08671875 0.09140625
2 0.51953125 0.759375 0.06015625 0.084375
2 0.540625 0.13359375 0.0984375 0.11328125
2 0.54453125 0.5765625 0.05078125 0.071875
2 0.62265625 0.3609375 0.06953125 0.103125