2 0.5171875 0.68984375 0.0984375 0.2984375
2 0.021875 0.790625 0.03359375 0.06953125
2 0.17421875 0.78359375 0.0140625 0.08671875
2 0.22578125 0.69140625 0.03359375 0.2640625
2 0.30625 0.69375 0.12265625 0.30078125
2 0.421875 0.3765625 0.09609375 0.0671875
2 0.50234375 0.178125 0.165625 0.02421875
2 0.47734375 0.38203125 0.02421875 0.053125
2 0.56484375 0.3765625 0.11796875 0.06015625
2 0.6703125 0.696875 0.11796875 0.30546875
2 0.77265625 0.696875 0.040625 0.26171875
2 0.853125 0.80625 0.01953125 0.0796875
2 0.94140625 0.81484375 0.03828125 0.125
2 0.98828125 0.81875 0.021875 0.115625