2 0.00859375 0.55859375 0.0171875 0.209375
2 0.0609375 0.5421875 0.0359375 0.228125
2 0.08984375 0.525 0.0578125 0.28359375
2 0.1234375 0.53515625 0.021875 0.23828125
2 0.1421875 0.5296875 0.0359375 0.2671875
2 0.1890625 0.52421875 0.0265625 0.26953125
2 0.225 0.5109375 0.084375 0.2953125
2 0.2390625 0.59375 0.09140625 0.1921875
2 0.28515625 0.56953125 0.103125 0.2765625
2 0.2703125 0.47265625 0.0359375 0.11796875
2 0.328125 0.41796875 0.071875 0.0625
2 0.34375 0.5921875 0.0625 0.178125
2 0.4109375 0.5890625 0.1078125 0.1875
2 0.3890625 0.446875 0.040625 0.12265625
2 0.41796875 0.4484375 0.0453125 0.15390625
2 0.478125 0.525 0.03359375 0.22578125
2 0.5578125 0.584375 0.11796875 0.19453125
2 0.68125 0.5625 0.12734375 0.23828125
2 0.709375 0.50859375 0.06484375 0.27421875
2 0.78984375 0.5359375 0.09140625 0.23828125
2 0.8375 0.50390625 0.10078125 0.2640625
2 0.89765625 0.5375 0.12265625 0.2953125
2 0.90390625 0.53828125 0.06484375 0.28828125