2 0.0921875 0.76953125 0.184375 0.4546875
2 0.05859375 0.3953125 0.115625 0.384375
2 0.140625 0.365625 0.1078125 0.3796875
2 0.18984375 0.365625 0.06953125 0.3171875
2 0.25234375 0.34765625 0.0765625 0.3078125
2 0.31640625 0.353125 0.08671875 0.25
2 0.3734375 0.34375 0.05546875 0.22109375
2 0.5828125 0.25703125 0.0140625 0.01953125
2 0.68359375 0.2671875 0.03125 0.125
2 0.70703125 0.25625 0.0265625 0.115625
2 0.76953125 0.23671875 0.01953125 0.08671875
2 0.77890625 0.23828125 0.01171875 0.084375
2 0.7859375 0.23203125 0.01171875 0.09140625