2 0.03515625 0.6453125 0.05078125 0.0765625
2 0.17578125 0.65234375 0.02421875 0.10546875
2 0.21171875 0.67578125 0.0265625 0.08671875
2 0.36796875 0.5578125 0.0890625 0.35546875
2 0.390625 0.7140625 0.02421875 0.0484375
2 0.490625 0.68984375 0.02890625 0.1078125
2 0.5578125 0.69609375 0.03359375 0.053125
2 0.5828125 0.6828125 0.02890625 0.13671875
2 0.66953125 0.7125 0.03359375 0.12734375
2 0.725 0.71171875 0.03125 0.14921875
2 0.75625 0.7328125 0.03125 0.09375
2 0.8140625 0.70078125 0.03359375 0.09609375
2 0.8546875 0.69921875 0.06015625 0.21171875
2 0.87265625 0.72109375 0.0171875 0.0578125
2 0.915625 0.74140625 0.021875 0.0359375
2 0.93515625 0.69453125 0.03125 0.084375
2 0.94921875 0.7359375 0.03359375 0.0453125
2 0.9859375 0.74140625 0.0265625 0.053125