2 0.02734375 0.45 0.0546875 0.303125
2 0.0328125 0.43046875 0.0359375 0.26171875
2 0.0359375 0.4109375 0.040625 0.26953125
2 0.07109375 0.4421875 0.08203125 0.31015625
2 0.103125 0.31875 0.02890625 0.053125
2 0.12109375 0.4203125 0.021875 0.24296875
2 0.1453125 0.44375 0.05546875 0.25703125
2 0.14921875 0.4328125 0.05546875 0.26953125
2 0.14921875 0.32421875 0.05078125 0.0765625
2 0.1859375 0.484375 0.05546875 0.11796875
2 0.17890625 0.37109375 0.02421875 0.1609375
2 0.2046875 0.41796875 0.06015625 0.22109375
2 0.225 0.40859375 0.03125 0.2140625
2 0.2453125 0.3953125 0.03828125 0.2234375
2 0.25625 0.31015625 0.01953125 0.02421875
2 0.2828125 0.415625 0.05546875 0.22578125
2 0.2875 0.3078125 0.0140625 0.021875
2 0.31875 0.38671875 0.0265625 0.21875
2 0.3390625 0.39453125 0.053125 0.228125
2 0.3296875 0.3015625 0.01171875 0.040625
2 0.3703125 0.484375 0.05078125 0.08203125
2 0.3734375 0.30390625 0.03359375 0.0453125
2 0.37734375 0.39296875 0.0265625 0.20703125
2 0.41953125 0.39921875 0.06953125 0.2234375
2 0.4125 0.3859375 0.0453125 0.2359375
2 0.44453125 0.38828125 0.03125 0.21640625
2 0.5015625 0.49375 0.11796875 0.290625
2 0.4546875 0.29921875 0.0171875 0.0359375
2 0.47265625 0.3859375 0.03359375 0.1390625
2 0.4859375 0.35 0.05078125 0.165625
2 0.5046875 0.36796875 0.02890625 0.19453125
2 0.52890625 0.384375 0.03359375 0.228125
2 0.53359375 0.2875 0.02890625 0.05078125
2 0.55859375 0.38828125 0.03828125 0.21875
2 0.56640625 0.2953125 0.0265625 0.05078125
2 0.59140625 0.384375 0.040625 0.2140625
2 0.5953125 0.3953125 0.03125 0.18984375
2 0.640625 0.37890625 0.07421875 0.240625
2 0.6234375 0.3953125 0.03359375 0.2140625
2 0.665625 0.3921875 0.0265625 0.196875
2 0.69453125 0.38671875 0.05546875 0.2546875
2 0.7140625 0.375 0.0453125 0.23828125
2 0.7453125 0.3921875 0.0578125 0.240625
2 0.7640625 0.3890625 0.0484375 0.22578125
2 0.7796875 0.303125 0.00703125 0.02890625
2 0.7859375 0.35078125 0.01953125 0.13671875
2 0.80859375 0.3796875 0.0484375 0.24765625
2 0.82578125 0.4046875 0.06484375 0.21640625
2 0.85703125 0.38671875 0.04296875 0.2234375
2 0.8796875 0.38125 0.03359375 0.24296875
2 0.90625 0.3953125 0.04296875 0.23046875
2 0.9015625 0.27734375 0.01171875 0.02421875
2 0.9234375 0.40859375 0.05078125 0.23046875
2 0.9203125 0.2875 0.009375 0.0171875
2 0.9578125 0.3921875 0.05078125 0.259375