2 0.0734375 0.21875 0.0171875 0.0359375
2 0.0890625 0.2171875 0.00703125 0.03359375
2 0.11875 0.1984375 0.03125 0.0359375
2 0.1234375 0.165625 0.02890625 0.0359375
2 0.16796875 0.1828125 0.021875 0.0359375
2 0.18125 0.25234375 0.01953125 0.03828125
2 0.18984375 0.4578125 0.03359375 0.053125
2 0.2546875 0.34140625 0.15390625 0.1078125
2 0.19921875 0.259375 0.01953125 0.0359375
2 0.22109375 0.45546875 0.03125 0.0484375
2 0.22578125 0.44453125 0.03359375 0.02421875
2 0.21875 0.1765625 0.0140625 0.0359375
2 0.2390625 0.5171875 0.03359375 0.053125
2 0.2296875 0.23671875 0.009375 0.01953125
2 0.25625 0.6296875 0.04296875 0.0453125
2 0.2671875 0.15 0.00703125 0.021875
2 0.296875 0.615625 0.03828125 0.05546875
2 0.28828125 0.1421875 0.01953125 0.0359375
2 0.2921875 0.4484375 0.02421875 0.0484375
2 0.31015625 0.44140625 0.03359375 0.053125
2 0.30390625 0.15 0.0140625 0.04296875
2 0.3421875 0.8390625 0.040625 0.04296875
2 0.3421875 0.5296875 0.03359375 0.05546875
2 0.34375 0.62734375 0.03125 0.06484375
2 0.3578125 0.2515625 0.0265625 0.0484375
2 0.36875 0.5171875 0.02421875 0.053125
2 0.38125 0.5328125 0.03828125 0.053125
2 0.3859375 0.2515625 0.03359375 0.0484375
2 0.3953125 0.67890625 0.03125 0.06484375
2 0.66796875 0.5484375 0.521875 0.6421875
2 0.44921875 0.69453125 0.02890625 0.05546875
2 0.51171875 0.66953125 0.03828125 0.06484375
2 0.540625 0.81875 0.04296875 0.06484375
2 0.55390625 0.88828125 0.04296875 0.04296875
2 0.56953125 0.97265625 0.053125 0.04296875
2 0.64765625 0.91328125 0.0578125 0.03828125
2 0.728125 0.46484375 0.05078125 0.0671875
2 0.7234375 0.55625 0.02890625 0.0578125
2 0.7390625 0.49765625 0.040625 0.06015625
2 0.75390625 0.5578125 0.03125 0.05546875
2 0.9515625 0.89296875 0.06484375 0.0484375
2 0.94453125 0.69609375 0.03828125 0.053125