2 0.540625 0.39453125 0.06484375 0.15625
2 0.0640625 0.83046875 0.12734375 0.334375
2 0.203125 0.90234375 0.1921875 0.1921875
2 0.2203125 0.45546875 0.084375 0.3890625
2 0.30078125 0.79921875 0.209375 0.35078125
2 0.2921875 0.4796875 0.0484375 0.25234375
2 0.45703125 0.62890625 0.125 0.14921875
2 0.5640625 0.7171875 0.13671875 0.18515625
2 0.6515625 0.40390625 0.0796875 0.13203125
2 0.73671875 0.7671875 0.1734375 0.31015625
2 0.81484375 0.6765625 0.12734375 0.240625
2 0.8421875 0.8109375 0.0984375 0.19921875