2 0.0265625 0.86171875 0.053125 0.1828125
2 0.1359375 0.8609375 0.0890625 0.1921875
2 0.19453125 0.9046875 0.06484375 0.1875
2 0.24140625 0.85546875 0.03125 0.1703125
2 0.30078125 0.953125 0.09375 0.09140625
2 0.2796875 0.81875 0.02421875 0.06953125
2 0.34609375 0.86796875 0.0625 0.18515625
2 0.384375 0.365625 0.053125 0.0796875
2 0.46875 0.9625 0.10078125 0.071875
2 0.490625 0.88359375 0.05546875 0.1828125
2 0.5484375 0.95546875 0.06484375 0.08671875
2 0.59765625 0.8890625 0.05546875 0.1921875
2 0.6890625 0.9640625 0.09375 0.06953125
2 0.6859375 0.865625 0.06015625 0.11796875
2 0.74609375 0.90234375 0.053125 0.1734375
2 0.80546875 0.8765625 0.0625 0.11796875
2 0.85 0.9625 0.13203125 0.071875
2 0.88671875 0.36875 0.0890625 0.10078125
2 0.88203125 0.8796875 0.071875 0.17578125