2 0.11875 0.71640625 0.1828125 0.37734375
2 0.0296875 0.56796875 0.059375 0.1109375
2 0.14765625 0.53359375 0.04296875 0.084375
2 0.25859375 0.525 0.03828125 0.08671875
2 0.29453125 0.52890625 0.040625 0.0625
2 0.38359375 0.53984375 0.040625 0.12265625
2 0.43515625 0.7046875 0.1078125 0.34609375
2 0.4625 0.51328125 0.0453125 0.0625
2 0.5265625 0.5140625 0.03828125 0.06484375
2 0.60078125 0.52421875 0.04296875 0.053125
2 0.64296875 0.52734375 0.0671875 0.0625
2 0.64765625 0.475 0.02421875 0.0625
2 0.7296875 0.52421875 0.07421875 0.0671875
2 0.74765625 0.50390625 0.0265625 0.05546875
2 0.80625 0.52421875 0.06484375 0.0671875
2 0.88359375 0.57421875 0.06484375 0.1390625
2 0.92421875 0.6546875 0.12265625 0.18046875
2 0.93046875 0.8328125 0.134375 0.3296875
2 0.9171875 0.6 0.0984375 0.14921875