2 0.05078125 0.55078125 0.10078125 0.353125
2 0.046875 0.42890625 0.0140625 0.02421875
2 0.05546875 0.4359375 0.01171875 0.021875
2 0.071875 0.4515625 0.021875 0.06015625
2 0.0875 0.475 0.021875 0.11328125
2 0.109375 0.49140625 0.0265625 0.1390625
2 0.15625 0.490625 0.0265625 0.1828125
2 0.18046875 0.5109375 0.03359375 0.1921875
2 0.196875 0.53125 0.0671875 0.3171875
2 0.2390625 0.5609375 0.10546875 0.34140625
2 0.25 0.44140625 0.0171875 0.0671875
2 0.271875 0.5296875 0.04296875 0.25234375
2 0.32578125 0.48828125 0.03359375 0.1390625
2 0.3421875 0.49375 0.053125 0.15625
2 0.40390625 0.5734375 0.05546875 0.3609375
2 0.43984375 0.50234375 0.03359375 0.18984375
2 0.4484375 0.5171875 0.05078125 0.2015625
2 0.47578125 0.58515625 0.071875 0.49765625
2 0.5328125 0.45546875 0.03828125 0.084375
2 0.55859375 0.53359375 0.07421875 0.26171875
2 0.6 0.5328125 0.08203125 0.259375
2 0.6921875 0.66484375 0.0765625 0.56484375
2 0.8375 0.5375 0.05078125 0.240625
2 0.87890625 0.5515625 0.103125 0.28359375
2 0.921875 0.58515625 0.15390625 0.428125