2 0.3703125 0.61171875 0.05546875 0.23046875
2 0.00703125 0.546875 0.0140625 0.06484375
2 0.0140625 0.5828125 0.028125 0.071875
2 0.021875 0.56875 0.01953125 0.08203125
2 0.0671875 0.58984375 0.04296875 0.15859375
2 0.084375 0.60234375 0.05078125 0.16796875
2 0.178125 0.59609375 0.03359375 0.16796875
2 0.20703125 0.6390625 0.08203125 0.2046875
2 0.19921875 0.58515625 0.02421875 0.11796875
2 0.2359375 0.58671875 0.02421875 0.146875
2 0.2765625 0.5953125 0.0140625 0.12734375
2 0.2953125 0.58984375 0.040625 0.146875
2 0.31484375 0.584375 0.02890625 0.13203125
2 0.5375 0.61640625 0.40390625 0.22578125