2 0.08203125 0.85 0.16328125 0.2953125
2 0.0609375 0.546875 0.11796875 0.25703125
2 0.3296875 0.89453125 0.196875 0.2046875
2 0.28984375 0.57421875 0.0578125 0.084375
2 0.4796875 0.90625 0.1109375 0.18515625
2 0.5265625 0.55390625 0.134375 0.3296875
2 0.5875 0.83671875 0.1609375 0.32421875
2 0.63828125 0.56015625 0.09609375 0.11796875
2 0.71875 0.828125 0.178125 0.34140625
2 0.8453125 0.8265625 0.14921875 0.34375
2 0.86171875 0.60234375 0.0671875 0.103125
2 0.9421875 0.853125 0.1109375 0.28828125