2 0.1921875 0.6578125 0.384375 0.2328125
2 0.30078125 0.759375 0.0625 0.321875
2 0.31015625 0.74140625 0.05078125 0.2859375
2 0.4046875 0.69921875 0.08203125 0.30546875
2 0.5109375 0.70546875 0.05546875 0.22578125
2 0.584375 0.634375 0.08203125 0.0765625
2 0.57421875 0.71171875 0.06015625 0.21875
2 0.6578125 0.734375 0.11328125 0.334375
2 0.72578125 0.7921875 0.07421875 0.41328125
2 0.828125 0.78515625 0.09140625 0.36796875
2 0.85703125 0.73671875 0.05546875 0.34609375
2 0.93515625 0.65234375 0.1203125 0.10546875