2 0.10703125 0.19140625 0.02421875 0.0890625
2 0.1671875 0.07578125 0.0484375 0.08671875
2 0.16796875 0.521875 0.03125 0.08671875
2 0.1875 0.521875 0.0265625 0.09609375
2 0.23046875 0.5171875 0.06015625 0.10078125
2 0.23046875 0.39921875 0.0484375 0.07421875
2 0.2359375 0.6234375 0.053125 0.09609375
2 0.2453125 0.7328125 0.03828125 0.09140625
2 0.275 0.53125 0.01953125 0.08203125
2 0.2921875 0.06875 0.05078125 0.10546875
2 0.28984375 0.734375 0.03828125 0.0890625
2 0.29453125 0.525 0.040625 0.08671875
2 0.29921875 0.93984375 0.040625 0.09609375
2 0.3140625 0.7359375 0.021875 0.08671875
2 0.31875 0.94140625 0.0171875 0.06484375
2 0.3578125 0.303125 0.0484375 0.1109375
2 0.3609375 0.93984375 0.05078125 0.09609375
2 0.35078125 0.41484375 0.02421875 0.09140625
2 0.3640625 0.4171875 0.04296875 0.10078125
2 0.4109375 0.41015625 0.05078125 0.09609375
2 0.40390625 0.28515625 0.03125 0.06015625
2 0.4109375 0.1765625 0.03828125 0.0765625
2 0.4234375 0.08046875 0.04296875 0.09140625
2 0.4234375 0.74296875 0.0265625 0.08203125
2 0.43359375 0.046875 0.0265625 0.0578125
2 0.43515625 0.22109375 0.01953125 0.040625
2 0.4796875 0.09609375 0.06015625 0.0625
2 0.46171875 0.7359375 0.01953125 0.08203125
2 0.5328125 0.94140625 0.053125 0.09140625
2 0.53828125 0.5328125 0.06015625 0.08203125
2 0.52890625 0.2078125 0.03125 0.06015625
2 0.52421875 0.08203125 0.021875 0.0765625
2 0.54921875 0.078125 0.053125 0.0984375
2 0.55546875 0.2015625 0.02890625 0.0765625
2 0.5984375 0.52421875 0.0578125 0.09375
2 0.58046875 0.41953125 0.0140625 0.09609375
2 0.5984375 0.2875 0.05078125 0.0671875
2 0.5875 0.196875 0.021875 0.08671875
2 0.58984375 0.08203125 0.0265625 0.09375
2 0.59375 0.6203125 0.0359375 0.08203125
2 0.5984375 0.85234375 0.02421875 0.06484375
2 0.61171875 0.203125 0.03828125 0.07421875
2 0.61171875 0.63671875 0.03125 0.09609375
2 0.65234375 0.7515625 0.05078125 0.06953125
2 0.6390625 0.72109375 0.01953125 0.0484375
2 0.65859375 0.6359375 0.05546875 0.09140625
2 0.64921875 0.53125 0.03125 0.08203125
2 0.6453125 0.31875 0.0171875 0.08671875
2 0.66015625 0.2125 0.03125 0.0671875
2 0.66953125 0.73828125 0.02421875 0.07421875
2 0.6703125 0.30625 0.02421875 0.103125
2 0.6734375 0.53515625 0.0265625 0.0796875
2 0.6859375 0.1984375 0.021875 0.0984375
2 0.71484375 0.63828125 0.0140625 0.06953125
2 0.72578125 0.6390625 0.01171875 0.06953125
2 0.74140625 0.0890625 0.03828125 0.0984375
2 0.73671875 0.62890625 0.01953125 0.084375
2 0.759375 0.94453125 0.03828125 0.084375
2 0.77421875 0.7484375 0.0484375 0.06015625
2 0.771875 0.5140625 0.02421875 0.08203125
2 0.7828125 0.1046875 0.0265625 0.0625
2 0.7921875 0.5265625 0.02890625 0.0984375
2 0.78828125 0.0890625 0.021875 0.09375
2 0.84375 0.4234375 0.0484375 0.0984375