2 0.22578125 0.7078125 0.07421875 0.28125
2 0.2765625 0.74609375 0.14453125 0.21875
2 0.28359375 0.61328125 0.06953125 0.11328125
2 0.334375 0.6203125 0.05546875 0.13671875
2 0.375 0.7203125 0.08203125 0.28359375
2 0.61640625 0.70703125 0.1703125 0.228125
2 0.640625 0.28359375 0.06484375 0.0359375
2 0.6546875 0.2390625 0.05078125 0.0453125
2 0.69609375 0.76171875 0.13203125 0.19453125
2 0.72109375 0.62890625 0.15390625 0.165625
2 0.6859375 0.22734375 0.02890625 0.053125
2 0.7171875 0.25234375 0.06953125 0.03828125
2 0.72265625 0.28828125 0.053125 0.04296875
2 0.77890625 0.72734375 0.125 0.19453125