2 0.01953125 0.47265625 0.03828125 0.11796875
2 0.3390625 0.8921875 0.2859375 0.2140625
2 0.35703125 0.43984375 0.03828125 0.20703125
2 0.396875 0.4359375 0.04296875 0.17578125
2 0.44609375 0.5625 0.10078125 0.19453125
2 0.44375 0.4359375 0.04296875 0.15859375
2 0.478125 0.45078125 0.040625 0.18515625
2 0.4984375 0.3953125 0.0359375 0.071875
2 0.53515625 0.53828125 0.103125 0.2234375
2 0.52890625 0.40390625 0.05546875 0.08671875
2 0.5828125 0.4640625 0.0671875 0.21875
2 0.5625 0.37265625 0.02421875 0.06015625
2 0.6203125 0.44921875 0.040625 0.1921875
2 0.709375 0.76796875 0.19921875 0.11328125
2 0.646875 0.46015625 0.0171875 0.12265625
2 0.67578125 0.4625 0.07421875 0.2234375
2 0.7171875 0.4625 0.125 0.21875
2 0.80546875 0.4671875 0.071875 0.25