2 0.50234375 0.61875 0.1296875 0.678125
2 0.02421875 0.60546875 0.0484375 0.634375
2 0.0625 0.5609375 0.115625 0.615625
2 0.1234375 0.5296875 0.1078125 0.59140625
2 0.18359375 0.47734375 0.0796875 0.5984375
2 0.24296875 0.5890625 0.1390625 0.67578125
2 0.30546875 0.5578125 0.10078125 0.634375
2 0.35546875 0.5296875 0.10546875 0.584375
2 0.40234375 0.49375 0.0984375 0.56015625
2 0.57109375 0.56015625 0.11796875 0.625
2 0.60703125 0.540625 0.06484375 0.553125
2 0.65234375 0.4984375 0.1109375 0.56015625
2 0.8125 0.61328125 0.19453125 0.665625
2 0.86640625 0.56953125 0.0984375 0.63203125
2 0.90625 0.5359375 0.10546875 0.60546875