2 0.696875 0.55390625 0.05078125 0.22109375
2 0.1515625 0.55859375 0.03125 0.16328125
2 0.39453125 0.5453125 0.0359375 0.2140625
2 0.4171875 0.5671875 0.05546875 0.209375
2 0.53828125 0.571875 0.03359375 0.19453125
2 0.5515625 0.5953125 0.053125 0.2765625
2 0.6140625 0.58203125 0.0453125 0.2328125
2 0.6046875 0.5734375 0.01953125 0.1703125
2 0.64921875 0.50390625 0.009375 0.0484375
2 0.6546875 0.50703125 0.0046875 0.02890625
2 0.6671875 0.50859375 0.009375 0.03828125
2 0.67421875 0.5578125 0.02421875 0.1734375
2 0.71640625 0.50390625 0.01171875 0.0484375
2 0.7328125 0.50390625 0.009375 0.0484375
2 0.7671875 0.50390625 0.0140625 0.05078125
2 0.796875 0.51328125 0.0140625 0.0671875
2 0.821875 0.5109375 0.009375 0.0765625