2 0.0609375 0.78125 0.06953125 0.428125
2 0.115625 0.7921875 0.071875 0.41328125
2 0.1875 0.80390625 0.0578125 0.34140625
2 0.23671875 0.8890625 0.0765625 0.20703125
2 0.34609375 0.7515625 0.0890625 0.459375
2 0.415625 0.7703125 0.0578125 0.428125
2 0.4796875 0.7640625 0.0671875 0.40859375
2 0.5109375 0.78359375 0.02421875 0.34609375
2 0.54453125 0.8109375 0.0359375 0.34375
2 0.5828125 0.775 0.05546875 0.40625
2 0.6203125 0.86171875 0.04296875 0.22109375
2 0.6734375 0.77890625 0.0671875 0.3390625
2 0.7140625 0.77734375 0.05546875 0.38203125
2 0.73828125 0.7390625 0.07421875 0.41796875
2 0.77265625 0.7546875 0.05546875 0.43984375
2 0.8234375 0.72734375 0.06484375 0.4328125
2 0.8921875 0.75625 0.071875 0.36328125
2 0.96640625 0.71484375 0.0625 0.50703125