2 0.58671875 0.72734375 0.08671875 0.37734375
2 0.19609375 0.7921875 0.0984375 0.334375
2 0.25703125 0.48046875 0.12734375 0.31015625
2 0.25390625 0.7640625 0.071875 0.35078125
2 0.28828125 0.78984375 0.06484375 0.31015625
2 0.31875 0.7359375 0.06484375 0.334375
2 0.36171875 0.7296875 0.0796875 0.3296875
2 0.384375 0.4859375 0.1078125 0.18984375
2 0.37890625 0.60234375 0.04296875 0.09140625
2 0.3859375 0.71484375 0.053125 0.32421875
2 0.41328125 0.73671875 0.07421875 0.28125
2 0.44921875 0.71171875 0.05078125 0.31953125
2 0.4828125 0.71015625 0.06015625 0.3171875
2 0.5328125 0.703125 0.07421875 0.3609375
2 0.553125 0.553125 0.0796875 0.11328125
2 0.6453125 0.578125 0.10078125 0.290625
2 0.6609375 0.52265625 0.103125 0.33203125
2 0.7328125 0.45546875 0.084375 0.375