2 0.00859375 0.40234375 0.0171875 0.07421875
2 0.21015625 0.39765625 0.040625 0.06484375
2 0.2359375 0.4046875 0.021875 0.071875
2 0.25390625 0.39765625 0.0171875 0.06484375
2 0.31640625 0.3953125 0.03359375 0.0671875
2 0.30859375 0.39453125 0.01953125 0.053125
2 0.31953125 0.39765625 0.01953125 0.0578125
2 0.396875 0.40859375 0.02890625 0.0890625
2 0.52421875 0.69609375 0.25234375 0.584375
2 0.41953125 0.3890625 0.0171875 0.0484375
2 0.4234375 0.39453125 0.01953125 0.06953125
2 0.45703125 0.4 0.02421875 0.0890625
2 0.459375 0.39453125 0.01171875 0.0765625
2 0.4890625 0.4421875 0.05546875 0.115625
2 0.5671875 0.39765625 0.1828125 0.103125
2 0.52421875 0.4078125 0.0890625 0.11796875
2 0.55625 0.446875 0.0359375 0.1390625
2 0.6109375 0.390625 0.08671875 0.071875
2 0.625 0.4625 0.053125 0.15390625
2 0.6453125 0.44609375 0.021875 0.12734375
2 0.6734375 0.45703125 0.0359375 0.1703125
2 0.725 0.53125 0.1078125 0.35078125
2 0.7296875 0.44921875 0.03125 0.1703125
2 0.77734375 0.42578125 0.03359375 0.12734375
2 0.8015625 0.4234375 0.0453125 0.11796875
2 0.80625 0.43984375 0.0359375 0.15625
2 0.89453125 0.46015625 0.209375 0.23046875
2 0.83046875 0.475 0.03359375 0.165625
2 0.8859375 0.40625 0.1296875 0.1515625
2 0.8375 0.42578125 0.02421875 0.1390625
2 0.85078125 0.446875 0.0453125 0.146875
2 0.88203125 0.47734375 0.0359375 0.18984375
2 0.9171875 0.45703125 0.0359375 0.1703125
2 0.95546875 0.3484375 0.0359375 0.053125
2 0.97109375 0.3484375 0.053125 0.06015625
2 0.96640625 0.44453125 0.0359375 0.1515625
2 0.98046875 0.4703125 0.03359375 0.17578125
2 0.978125 0.3546875 0.021875 0.08203125