2 0.02734375 0.5203125 0.03359375 0.0984375
2 0.05625 0.6109375 0.0359375 0.34609375
2 0.1140625 0.665625 0.10546875 0.41796875
2 0.1515625 0.5984375 0.05546875 0.290625
2 0.20703125 0.6265625 0.103125 0.40859375
2 0.21640625 0.45078125 0.03359375 0.0765625
2 0.2609375 0.62265625 0.08203125 0.375
2 0.24765625 0.45546875 0.03359375 0.084375
2 0.30859375 0.61796875 0.0625 0.30546875
2 0.3546875 0.6234375 0.0984375 0.38671875
2 0.41015625 0.61796875 0.07421875 0.3578125
2 0.42890625 0.59609375 0.053125 0.321875
2 0.4796875 0.61171875 0.10546875 0.4734375
2 0.53359375 0.5984375 0.08671875 0.4328125
2 0.5671875 0.61875 0.06953125 0.334375
2 0.59140625 0.55078125 0.08203125 0.2859375
2 0.63671875 0.57421875 0.0625 0.321875
2 0.6625 0.5609375 0.053125 0.303125
2 0.6875 0.5953125 0.09375 0.43984375
2 0.73203125 0.5953125 0.040625 0.396875
2 0.7515625 0.53515625 0.03828125 0.24296875
2 0.78125 0.5671875 0.05078125 0.31953125
2 0.8109375 0.55546875 0.03828125 0.240625
2 0.8765625 0.62734375 0.12265625 0.5171875
2 0.8328125 0.44140625 0.0171875 0.0359375
2 0.8484375 0.43984375 0.0140625 0.03828125
2 0.91953125 0.5890625 0.06015625 0.3890625
2 0.93515625 0.54453125 0.053125 0.3171875
2 0.94921875 0.5203125 0.03828125 0.15859375
2 0.99296875 0.47109375 0.009375 0.09609375