2 0.63203125 0.60703125 0.1296875 0.68046875
2 0.01171875 0.57578125 0.0140625 0.06953125
2 0.02734375 0.59609375 0.01953125 0.0359375
2 0.04921875 0.546875 0.021875 0.0796875
2 0.06875 0.53125 0.0046875 0.0265625
2 0.0875 0.5796875 0.0171875 0.0578125
2 0.103125 0.5421875 0.0171875 0.06484375
2 0.13125 0.54921875 0.02421875 0.07421875
2 0.14921875 0.52890625 0.009375 0.03828125
2 0.15859375 0.52734375 0.009375 0.0359375
2 0.17421875 0.5515625 0.021875 0.10546875
2 0.2203125 0.54921875 0.021875 0.10078125
2 0.39453125 0.484375 0.15625 0.46640625
2 0.50390625 0.4984375 0.10078125 0.4109375
2 0.7328125 0.44375 0.03359375 0.06015625
2 0.75390625 0.2984375 0.03125 0.0359375