2 0.1421875 0.1515625 0.103125 0.12734375
2 0.29453125 0.62109375 0.375 0.571875
2 0.1859375 0.2765625 0.146875 0.23046875
2 0.17578125 0.13828125 0.071875 0.12265625
2 0.303125 0.16484375 0.103125 0.2046875
2 0.3765625 0.240625 0.1203125 0.14921875
2 0.66484375 0.5609375 0.375 0.7046875
2 0.5828125 0.15 0.11328125 0.21640625
2 0.58046875 0.2875 0.0984375 0.1921875
2 0.6765625 0.16796875 0.10546875 0.19453125
2 0.78125 0.2671875 0.146875 0.2359375
2 0.9078125 0.44921875 0.18046875 0.4375
2 0.91953125 0.22265625 0.09375 0.125
2 0.93515625 0.76328125 0.125 0.40625