2 0.1859375 0.54609375 0.371875 0.9046875
2 0.2875 0.58671875 0.2328125 0.821875
2 0.3078125 0.4 0.05078125 0.115625
2 0.36171875 0.65390625 0.11796875 0.59375
2 0.50390625 0.64453125 0.2234375 0.70703125
2 0.428125 0.4265625 0.0453125 0.14453125
2 0.5328125 0.45703125 0.22109375 0.46171875
2 0.5609375 0.384375 0.03828125 0.084375
2 0.65390625 0.64296875 0.1921875 0.71171875
2 0.57421875 0.36640625 0.0171875 0.05546875
2 0.69375 0.6609375 0.0984375 0.6734375
2 0.8609375 0.62734375 0.115625 0.521875
2 0.95703125 0.65859375 0.08203125 0.6296875
2 0.96640625 0.63203125 0.0625 0.5484375