2 0.09765625 0.77890625 0.05546875 0.21875
2 0.1 0.6734375 0.0578125 0.14453125
2 0.12890625 0.46875 0.040625 0.1203125
2 0.228125 0.60078125 0.071875 0.178125
2 0.26328125 0.6859375 0.03828125 0.17578125
2 0.3015625 0.85078125 0.0671875 0.228125
2 0.30625 0.73046875 0.0453125 0.18046875
2 0.396875 0.6765625 0.05546875 0.19453125
2 0.390625 0.5265625 0.0359375 0.1203125
2 0.42890625 0.53828125 0.021875 0.1390625
2 0.5109375 0.58515625 0.040625 0.17578125
2 0.55078125 0.7515625 0.053125 0.21640625
2 0.9375 0.9046875 0.0625 0.18515625
2 0.95703125 0.828125 0.071875 0.1515625
2 0.96875 0.3765625 0.03828125 0.13203125