2 0.51953125 0.68046875 0.1390625 0.39453125
2 0.0265625 0.78828125 0.053125 0.0890625
2 0.0328125 0.58984375 0.0625 0.19453125
2 0.025 0.70703125 0.0140625 0.03359375
2 0.0359375 0.55546875 0.03125 0.06015625
2 0.040625 0.7078125 0.0171875 0.02421875
2 0.05859375 0.7046875 0.009375 0.021875
2 0.07421875 0.76328125 0.040625 0.10078125
2 0.09375 0.5140625 0.04296875 0.14453125
2 0.11171875 0.7234375 0.02421875 0.12265625
2 0.19140625 0.59140625 0.08203125 0.28125
2 0.2078125 0.76796875 0.0671875 0.03828125
2 0.3734375 0.6546875 0.14453125 0.35546875
2 0.6765625 0.6359375 0.0796875 0.334375
2 0.83515625 0.6078125 0.1296875 0.3578125
2 0.8375 0.9578125 0.053125 0.08203125
2 0.8578125 0.6671875 0.09140625 0.228125
2 0.84609375 0.85 0.040625 0.09609375
2 0.94375 0.7015625 0.03828125 0.09375
2 0.9796875 0.59765625 0.0359375 0.18984375