2 0.1140625 0.384375 0.08671875 0.28359375
2 0.13828125 0.509375 0.09140625 0.28828125
2 0.18125 0.4546875 0.06953125 0.22109375
2 0.259375 0.3328125 0.07421875 0.15859375
2 0.35703125 0.7484375 0.24765625 0.49765625
2 0.28125 0.521875 0.0890625 0.25
2 0.26953125 0.428125 0.05078125 0.1109375
2 0.36796875 0.3375 0.071875 0.22578125
2 0.42578125 0.40859375 0.084375 0.15390625
2 0.47734375 0.43359375 0.0796875 0.134375
2 0.509375 0.50234375 0.08671875 0.18515625
2 0.61640625 0.54453125 0.115625 0.24765625
2 0.6625 0.76953125 0.18046875 0.45703125
2 0.68046875 0.44375 0.1078125 0.21875
2 0.76953125 0.571875 0.125 0.21640625
2 0.78984375 0.43359375 0.12265625 0.18515625
2 0.87109375 0.6046875 0.1828125 0.27890625
2 0.95078125 0.4578125 0.06015625 0.16796875