2 0.0734375 0.75703125 0.0796875 0.35078125
2 0.06640625 0.61640625 0.0359375 0.084375
2 0.12890625 0.64921875 0.053125 0.17578125
2 0.2515625 0.5484375 0.03359375 0.1203125
2 0.28125 0.6765625 0.040625 0.1203125
2 0.3921875 0.6203125 0.09609375 0.2640625
2 0.54453125 0.5640625 0.03359375 0.12734375
2 0.5609375 0.56015625 0.02421875 0.1109375
2 0.578125 0.56640625 0.03359375 0.1421875
2 0.609375 0.4640625 0.021875 0.040625
2 0.6890625 0.4375 0.07421875 0.071875
2 0.76953125 0.42578125 0.0578125 0.06015625
2 0.85234375 0.5296875 0.04296875 0.084375
2 0.91328125 0.5609375 0.03359375 0.10546875
2 0.975 0.56015625 0.0359375 0.11796875