2 0.03359375 0.4578125 0.06484375 0.18046875
2 0.09375 0.42578125 0.05078125 0.28359375
2 0.15 0.45546875 0.0984375 0.35546875
2 0.1921875 0.37109375 0.04296875 0.2140625
2 0.22265625 0.459375 0.0796875 0.3296875
2 0.228125 0.4234375 0.0265625 0.23046875
2 0.28125 0.48046875 0.11796875 0.31484375
2 0.24765625 0.39453125 0.03828125 0.134375
2 0.3265625 0.4421875 0.0578125 0.31015625
2 0.38125 0.446875 0.0484375 0.16328125
2 0.3859375 0.36328125 0.053125 0.1390625
2 0.421875 0.46484375 0.1109375 0.334375
2 0.42890625 0.40390625 0.0484375 0.240625
2 0.4375 0.31875 0.02890625 0.040625
2 0.45703125 0.34765625 0.021875 0.0625
2 0.48203125 0.4125 0.040625 0.15625
2 0.5140625 0.43359375 0.08671875 0.26953125
2 0.54296875 0.4265625 0.06484375 0.303125
2 0.5578125 0.46171875 0.02421875 0.134375
2 0.58203125 0.42578125 0.05078125 0.18515625
2 0.6265625 0.43984375 0.0671875 0.3125
2 0.66953125 0.43515625 0.0765625 0.37734375
2 0.72578125 0.39765625 0.08671875 0.23046875
2 0.72109375 0.42421875 0.06484375 0.3703125
2 0.76328125 0.415625 0.0359375 0.29296875
2 0.8140625 0.4421875 0.07421875 0.26171875