2 0.01171875 0.58671875 0.0234375 0.1765625
2 0.0375 0.58984375 0.06484375 0.19921875
2 0.078125 0.5578125 0.03125 0.09609375
2 0.09609375 0.584375 0.040625 0.196875
2 0.18125 0.61171875 0.06484375 0.1203125
2 0.18359375 0.32421875 0.01953125 0.053125
2 0.26171875 0.5625 0.0578125 0.0796875
2 0.303125 0.60234375 0.0671875 0.18984375
2 0.2921875 0.54453125 0.0171875 0.03359375
2 0.3265625 0.56875 0.0171875 0.08203125
2 0.3765625 0.6 0.0765625 0.16328125
2 0.4375 0.5359375 0.03125 0.06484375
2 0.43125 0.5828125 0.0171875 0.03828125
2 0.4484375 0.18125 0.040625 0.0984375
2 0.4734375 0.51328125 0.03359375 0.11796875