2 0.07109375 0.725 0.103125 0.33203125
2 0.1921875 0.6859375 0.16796875 0.53828125
2 0.3765625 0.68515625 0.08203125 0.0625
2 0.521875 0.69453125 0.08203125 0.09140625
2 0.55625 0.646875 0.0453125 0.11328125
2 0.6359375 0.7984375 0.16796875 0.271875
2 0.6671875 0.696875 0.06484375 0.06484375
2 0.725 0.68125 0.05546875 0.0796875
2 0.75234375 0.7484375 0.0984375 0.18984375
2 0.7828125 0.8015625 0.134375 0.25234375
2 0.8796875 0.8421875 0.196875 0.31015625
2 0.86796875 0.72578125 0.07421875 0.13203125
2 0.95703125 0.7390625 0.08203125 0.13671875