2 0.44453125 0.40234375 0.09375 0.146875
2 0.5609375 0.6875 0.03828125 0.10078125
2 0.61875 0.68515625 0.0453125 0.10546875
2 0.66953125 0.703125 0.03125 0.1078125
2 0.69921875 0.68359375 0.02421875 0.084375
2 0.734375 0.6578125 0.03828125 0.05078125
2 0.77421875 0.6609375 0.02890625 0.040625
2 0.8265625 0.7015625 0.06953125 0.103125
2 0.8921875 0.66953125 0.0265625 0.02890625
2 0.95078125 0.68515625 0.03828125 0.08203125
2 0.9640625 0.6671875 0.0171875 0.03359375
2 0.99296875 0.65390625 0.009375 0.10078125