2 0.92578125 0.5046875 0.03828125 0.03828125
2 0.45703125 0.571875 0.03828125 0.03828125
2 0.39921875 0.57421875 0.040625 0.040625
2 0.43359375 0.5765625 0.03828125 0.03828125
2 0.14453125 0.7125 0.03828125 0.0453125
2 0.1234375 0.76171875 0.05078125 0.05078125
2 0.7875 0.88671875 0.05078125 0.0484375
2 0.72734375 0.8921875 0.04296875 0.0796875
2 0.69375 0.8953125 0.03828125 0.071875
2 0.7546875 0.92578125 0.04296875 0.04296875
2 0.75234375 0.96875 0.0453125 0.0484375
2 0.9375 0.290625 0.05078125 0.053125