2 0.91953125 0.66015625 0.04296875 0.0578125
2 0.7671875 0.7390625 0.040625 0.040625
2 0.6421875 0.75625 0.0484375 0.0453125
2 0.68359375 0.78515625 0.053125 0.053125
2 0.7171875 0.8234375 0.02890625 0.053125
2 0.17578125 0.85078125 0.0578125 0.0578125
2 0.69921875 0.853125 0.0484375 0.0484375
2 0.1546875 0.9046875 0.05078125 0.0578125
2 0.4390625 0.37890625 0.04296875 0.0453125
2 0.4125 0.38203125 0.02421875 0.0671875
2 0.3796875 0.38671875 0.0265625 0.0671875
2 0.91953125 0.4328125 0.0484375 0.0484375