2 0.4484375 0.47265625 0.0265625 0.0578125
2 0.390625 0.4796875 0.04296875 0.04296875
2 0.41953125 0.4828125 0.0265625 0.06484375
2 0.9171875 0.58046875 0.05078125 0.053125
2 0.1578125 0.7765625 0.053125 0.05078125
2 0.77421875 0.80546875 0.040625 0.0765625
2 0.13671875 0.8265625 0.05078125 0.0484375
2 0.6734375 0.828125 0.04296875 0.04296875
2 0.69609375 0.8375 0.0265625 0.05078125
2 0.73046875 0.87265625 0.0484375 0.0484375
2 0.725 0.9078125 0.03125 0.071875
2 0.92578125 0.3578125 0.0453125 0.0453125