2 0.91328125 0.51328125 0.053125 0.053125
2 0.75703125 0.6625 0.0359375 0.0671875
2 0.615625 0.678125 0.05078125 0.053125
2 0.678125 0.7359375 0.04296875 0.0453125
2 0.9265625 0.73671875 0.04296875 0.0453125
2 0.71171875 0.7671875 0.02890625 0.06484375
2 0.67578125 0.7953125 0.04296875 0.04296875
2 0.1890625 0.93125 0.05078125 0.05078125
2 0.165625 0.97265625 0.0484375 0.0484375
2 0.428125 0.27734375 0.02421875 0.06953125
2 0.4015625 0.2796875 0.0484375 0.0484375
2 0.37109375 0.28515625 0.02890625 0.06015625