2 0.1234375 0.5984375 0.0484375 0.053125
2 0.10078125 0.65234375 0.0453125 0.04296875
2 0.4625 0.72265625 0.021875 0.06015625
2 0.43984375 0.725 0.03828125 0.03828125
2 0.4078125 0.72578125 0.03828125 0.03828125
2 0.80859375 0.94921875 0.0578125 0.0578125
2 0.74375 0.9640625 0.0453125 0.0578125
2 0.334375 0.09765625 0.053125 0.05546875
2 0.7796875 0.975 0.04296875 0.04296875
2 0.73046875 0.975 0.03828125 0.03828125
2 0.9546875 0.18046875 0.053125 0.053125
2 0.93125 0.3921875 0.0453125 0.06015625