2 0.4984375 0.87890625 0.996875 0.2359375
2 0.36875 0.5796875 0.0578125 0.15390625
2 0.4125 0.696875 0.12734375 0.15859375
2 0.3734375 0.421875 0.040625 0.1515625
2 0.37890625 0.2640625 0.03359375 0.14921875
2 0.4234375 0.140625 0.11796875 0.09140625
2 0.41484375 0.3921875 0.08671875 0.18515625
2 0.4109375 0.25625 0.07421875 0.1609375
2 0.40859375 0.55546875 0.0671875 0.18984375
2 0.475 0.40625 0.071875 0.14453125
2 0.478125 0.26328125 0.07421875 0.1109375
2 0.48828125 0.24765625 0.09375 0.146875
2 0.48828125 0.146875 0.0890625 0.0796875
2 0.51953125 0.7015625 0.14921875 0.165625
2 0.48671875 0.5765625 0.07421875 0.16796875
2 0.51171875 0.39921875 0.11796875 0.178125
2 0.46875 0.22109375 0.0265625 0.021875
2 0.4953125 0.728125 0.071875 0.146875
2 0.54453125 0.5640625 0.06484375 0.19453125