2 0.8234375 0.57109375 0.0984375 0.4234375
2 0.1296875 0.62890625 0.0796875 0.165625
2 0.234375 0.61328125 0.0765625 0.3609375
2 0.34375 0.6203125 0.16796875 0.75703125
2 0.3109375 0.525 0.05546875 0.34375
2 0.4234375 0.58203125 0.09609375 0.43984375
2 0.484375 0.58984375 0.08203125 0.35546875
2 0.52265625 0.6265625 0.103125 0.290625
2 0.52421875 0.3890625 0.03828125 0.09375
2 0.55859375 0.5875 0.09609375 0.4203125
2 0.61171875 0.5828125 0.07421875 0.37734375
2 0.7015625 0.571875 0.084375 0.37265625
2 0.9328125 0.58984375 0.0984375 0.365625
2 0.98203125 0.58671875 0.03125 0.3609375