2 0.1203125 0.41328125 0.07421875 0.2328125
2 0.30859375 0.5625 0.13203125 0.51953125
2 0.3390625 0.428125 0.053125 0.17578125
2 0.33515625 0.3296875 0.04296875 0.1078125
2 0.40859375 0.484375 0.09609375 0.45703125
2 0.54921875 0.63828125 0.21875 0.71875
2 0.6453125 0.56640625 0.11796875 0.6203125
2 0.7328125 0.29921875 0.03828125 0.15859375
2 0.7828125 0.271875 0.04296875 0.15390625
2 0.78515625 0.3234375 0.03828125 0.2046875
2 0.81875 0.303125 0.0265625 0.1734375
2 0.83515625 0.3328125 0.0578125 0.209375
2 0.91328125 0.31640625 0.0625 0.2046875
2 0.96015625 0.2859375 0.04296875 0.14921875
2 0.9625 0.2515625 0.0359375 0.0796875