2 0.1890625 0.69609375 0.071875 0.21171875
2 0.23671875 0.39765625 0.09375 0.10078125
2 0.31953125 0.7921875 0.23828125 0.41328125
2 0.2953125 0.63359375 0.0625 0.16796875
2 0.3578125 0.47734375 0.03125 0.0671875
2 0.5203125 0.78515625 0.14921875 0.36796875
2 0.59765625 0.61875 0.06953125 0.15390625
2 0.68125 0.7765625 0.18046875 0.44453125
2 0.703125 0.61171875 0.053125 0.13203125
2 0.7171875 0.51796875 0.03828125 0.0625
2 0.75390625 0.5265625 0.03359375 0.05546875
2 0.76328125 0.56640625 0.040625 0.06953125
2 0.76328125 0.50234375 0.03125 0.053125
2 0.78515625 0.50625 0.01171875 0.0453125
2 0.8234375 0.5265625 0.05546875 0.0625
2 0.84609375 0.55390625 0.05078125 0.09609375
2 0.84609375 0.4984375 0.021875 0.0359375
2 0.8703125 0.5421875 0.03359375 0.08671875
2 0.8796875 0.50859375 0.021875 0.04296875
2 0.8953125 0.50234375 0.021875 0.03828125
2 0.9046875 0.521875 0.03828125 0.0796875
2 0.9625 0.5140625 0.03125 0.053125
2 0.96171875 0.5015625 0.0265625 0.04296875
2 0.975 0.5453125 0.0484375 0.08203125