3 0.6734375 0.69453125 0.24296875 0.3703125
3 0.35703125 0.68984375 0.18984375 0.2671875
3 0.16796875 0.5421875 0.0625 0.1734375
3 0.05390625 0.6359375 0.1078125 0.321875
3 0.2859375 0.42578125 0.10078125 0.23828125
3 0.2078125 0.26171875 0.08203125 0.1703125
3 0.23671875 0.275 0.07421875 0.19921875
3 0.40390625 0.23828125 0.1421875 0.228125
3 0.49609375 0.228125 0.0984375 0.165625
3 0.428125 0.4859375 0.1828125 0.271875
3 0.515625 0.446875 0.06953125 0.21171875
3 0.57578125 0.5671875 0.14921875 0.25