3 0.27734375 0.290625 0.5484375 0.58125
3 0.06953125 0.39453125 0.1390625 0.178125
3 0.46015625 0.66015625 0.2671875 0.36796875
3 0.06640625 0.5984375 0.13203125 0.178125
3 0.70546875 0.6828125 0.34609375 0.5140625
3 0.5796875 0.35546875 0.10078125 0.28828125
3 0.6625 0.2328125 0.15859375 0.12265625
3 0.63828125 0.3296875 0.06484375 0.146875
3 0.71171875 0.3375 0.21640625 0.21640625
3 0.69921875 0.43359375 0.2046875 0.165625
3 0.803125 0.3265625 0.228125 0.18046875
3 0.80390625 0.484375 0.290625 0.1296875
3 0.7796875 0.5953125 0.28828125 0.19921875