2 0.05859375 0.52890625 0.06484375 0.18046875
2 0.8734375 0.60234375 0.05546875 0.18046875
2 0.42578125 0.56640625 0.0578125 0.18515625
2 0.28125 0.55390625 0.053125 0.18984375
2 0.16796875 0.5453125 0.04296875 0.18515625
2 0.81484375 0.603125 0.04296875 0.1609375
2 0.3609375 0.56484375 0.0453125 0.18984375
2 0.475 0.58046875 0.06015625 0.18046875
2 0.65234375 0.59609375 0.0453125 0.18046875
2 0.61640625 0.5953125 0.05078125 0.1703125
2 0.553125 0.58984375 0.053125 0.1875
2 0.74140625 0.61171875 0.05078125 0.17578125